2.000000000000000000e+00 3.010010704355300243e-02
3.000000000000000000e+00 8.920141789685333972e-03
4.000000000000000000e+00 3.764431285260440210e-03
5.000000000000000000e+00 1.928413942877570640e-03
6.000000000000000000e+00 1.116851014699847327e-03
7.000000000000000000e+00 7.040798997286345107e-04
8.000000000000000000e+00 4.723478182402972639e-04
9.000000000000000000e+00 3.323449099552300777e-04
1.000000000000000000e+01 2.428230714718236877e-04
1.100000000000000000e+01 1.829335727568832135e-04
1.200000000000000000e+01 1.413631929908147438e-04
1.300000000000000000e+01 1.116102575975762149e-04
1.400000000000000000e+01 8.975679345715060879e-05
1.500000000000000000e+01 7.334576814712070959e-05
1.600000000000000000e+01 6.078305257918994802e-05
1.700000000000000000e+01 5.100357686326081278e-05
1.800000000000000000e+01 4.327730413386021903e-05
1.900000000000000000e+01 3.709244725054473542e-05
2.000000000000000000e+01 3.208298554647736321e-05
2.100000000000000000e+01 2.798243826643428020e-05
2.200000000000000000e+01 2.459366103941712002e-05
2.300000000000000000e+01 2.176867838361257559e-05
2.400000000000000000e+01 1.939495115152850807e-05
2.500000000000000000e+01 1.738585815201733927e-05
2.600000000000000000e+01 1.567399112234563345e-05
2.700000000000000000e+01 1.420636107786199938e-05
2.800000000000000000e+01 1.294092426283709913e-05
2.900000000000000000e+01 1.184403269682180962e-05
3.000000000000000000e+01 1.088854143856233140e-05
3.100000000000000000e+01 1.005238822139058980e-05
3.200000000000000000e+01 9.317516864059069030e-06
3.300000000000000000e+01 8.669053611966055586e-06
3.400000000000000000e+01 8.094671473390938678e-06
3.500000000000000000e+01 7.584095622811569740e-06
3.600000000000000000e+01 7.128715606584158072e-06
3.700000000000000000e+01 6.721279089839186227e-06
3.800000000000000000e+01 6.355648351503728302e-06
3.900000000000000000e+01 6.026605426326466849e-06
4.000000000000000000e+01 5.729695227691034160e-06
4.100000000000000000e+01 5.461098521492109347e-06
4.200000000000000000e+01 5.217528509791426498e-06
4.300000000000000000e+01 4.996146199874148050e-06
4.400000000000000000e+01 4.794490805275407683e-06
4.500000000000000000e+01 4.610422240482548039e-06
4.600000000000000000e+01 4.442073395579684307e-06
4.700000000000000000e+01 4.287810358678863384e-06
4.800000000000000000e+01 4.146199127555718107e-06
4.900000000000000000e+01 4.015977643371765797e-06
5.000000000000000000e+01 3.896032208021515057e-06
5.100000000000000000e+01 3.785377526970859639e-06
5.200000000000000000e+01 3.683139762386248263e-06
5.300000000000000000e+01 3.588542095194526146e-06
5.400000000000000000e+01 3.500892385803487857e-06
5.500000000000000000e+01 3.419572596423989920e-06
5.600000000000000000e+01 3.344029697027249606e-06
5.700000000000000000e+01 3.273767824864346791e-06
5.800000000000000000e+01 3.208341506445177493e-06
5.900000000000000000e+01 3.147349782704570349e-06
6.000000000000000000e+01 3.090431104177477385e-06
6.100000000000000000e+01 3.037258884472671968e-06
6.200000000000000000e+01 2.987537618055899587e-06
6.300000000000000000e+01 2.940999483030826720e-06
6.400000000000000000e+01 2.897401361801181947e-06
6.500000000000000000e+01 2.856522222661052913e-06
6.600000000000000000e+01 2.818160813856298656e-06
6.700000000000000000e+01 2.782133628782267137e-06
6.800000000000000000e+01 2.748273106970539744e-06
6.900000000000000000e+01 2.716426040564446623e-06
7.000000000000000000e+01 2.686452160248652582e-06
7.100000000000000000e+01 2.658222878212251634e-06
7.200000000000000000e+01 2.631620168794661142e-06
7.300000000000000000e+01 2.606535570077319301e-06
7.400000000000000000e+01 2.582869291914748111e-06
7.500000000000000000e+01 2.560529417806411546e-06
7.600000000000000000e+01 2.539431189646210906e-06
7.700000000000000000e+01 2.519496365791400271e-06
7.800000000000000000e+01 2.500652644102005846e-06
7.900000000000000000e+01 2.482833142645055738e-06
8.000000000000000000e+01 2.465975931659415381e-06
8.100000000000000000e+01 2.450023611157710375e-06
8.200000000000000000e+01 2.434922929219061599e-06
8.300000000000000000e+01 2.420624436614939015e-06
8.400000000000000000e+01 2.407082173922893456e-06
8.500000000000000000e+01 2.394253387729870602e-06
8.600000000000000000e+01 2.382098272917238116e-06
8.700000000000000000e+01 2.370579738361330483e-06
8.800000000000000000e+01 2.359663193682765978e-06
8.900000000000000000e+01 2.349316354940633825e-06
9.000000000000000000e+01 2.339509067398780749e-06
9.100000000000000000e+01 2.330213143694886002e-06
9.200000000000000000e+01 2.321402215922423971e-06
9.300000000000000000e+01 2.313051600294093767e-06
9.400000000000000000e+01 2.305138173195327965e-06
9.500000000000000000e+01 2.297640257560593144e-06
9.600000000000000000e+01 2.290537518615150761e-06
9.700000000000000000e+01 2.283810868122614887e-06
9.800000000000000000e+01 2.277442376365412111e-06
9.900000000000000000e+01 2.271415191162550829e-06
1.000000000000000000e+02 2.265713463297895551e-06
1.010000000000000000e+02 2.260322277793624140e-06
1.020000000000000000e+02 2.255227590518361239e-06
1.030000000000000000e+02 2.250416169668575576e-06
1.040000000000000000e+02 2.245875541705751308e-06
1.050000000000000000e+02 2.241593941371195883e-06
1.060000000000000000e+02 2.237560265435701190e-06
1.070000000000000000e+02 2.233764029872965671e-06
1.080000000000000000e+02 2.230195330174252940e-06
1.090000000000000000e+02 2.226844804547393676e-06
1.100000000000000000e+02 2.223703599766407712e-06
1.110000000000000000e+02 2.220763339458861548e-06
1.120000000000000000e+02 2.218016094636907708e-06
1.130000000000000000e+02 2.215454356294983699e-06
1.140000000000000000e+02 2.213071009912517287e-06
1.150000000000000000e+02 2.210859311713915977e-06
1.160000000000000000e+02 2.208812866550755868e-06
1.170000000000000000e+02 2.206925607282503516e-06
1.180000000000000000e+02 2.205191775542515704e-06
1.190000000000000000e+02 2.203605903785467083e-06
1.200000000000000000e+02 2.202162798520975031e-06
1.210000000000000000e+02 2.200857524645943561e-06
1.220000000000000000e+02 2.199685390795304677e-06
1.230000000000000000e+02 2.198641935637274745e-06
1.240000000000000000e+02 2.197722915045170098e-06
1.250000000000000000e+02 2.196924290083212416e-06
1.260000000000000000e+02 2.196242215748673118e-06
1.270000000000000000e+02 2.195673030417217725e-06
1.280000000000000000e+02 2.195213245942423938e-06
1.290000000000000000e+02 2.194859538364206717e-06
1.300000000000000000e+02 2.194608739184363670e-06
1.310000000000000000e+02 2.194457827170579654e-06
1.320000000000000000e+02 2.194403920653181769e-06
1.330000000000000000e+02 2.194444270281546955e-06
1.340000000000000000e+02 2.194576252209565227e-06
1.350000000000000000e+02 2.194797361681772791e-06
1.360000000000000000e+02 2.195105206993862291e-06
1.370000000000000000e+02 2.195497503803166309e-06
1.380000000000000000e+02 2.195972069766480144e-06
1.390000000000000000e+02 2.196526819484196687e-06
1.400000000000000000e+02 2.197159759731208115e-06
1.410000000000000000e+02 2.197868984956432646e-06
1.420000000000000000e+02 2.198652673034058737e-06
1.430000000000000000e+02 2.199509081250798920e-06
1.440000000000000000e+02 2.200436542514509337e-06
1.450000000000000000e+02 2.201433461770551320e-06
1.460000000000000000e+02 2.202498312613181021e-06
1.470000000000000000e+02 2.203629634080124329e-06
1.480000000000000000e+02 2.204826027619274805e-06
1.490000000000000000e+02 2.206086154217211754e-06
1.500000000000000000e+02 2.207408731679888194e-06
1.510000000000000000e+02 2.208792532056504239e-06
1.520000000000000000e+02 2.210236379198135794e-06
1.530000000000000000e+02 2.211739146443265738e-06
1.540000000000000000e+02 2.213299754422852619e-06
1.550000000000000000e+02 2.214917168978047961e-06
1.560000000000000000e+02 2.216590399184114565e-06
1.570000000000000000e+02 2.218318495474500943e-06
1.580000000000000000e+02 2.220100547859414564e-06
1.590000000000000000e+02 2.221935684233581316e-06
1.600000000000000000e+02 2.223823068768218255e-06
1.610000000000000000e+02 2.225761900382538082e-06
1.620000000000000000e+02 2.227751411290409597e-06
1.630000000000000000e+02 2.229790865618054979e-06
1.640000000000000000e+02 2.231879558088908320e-06
1.650000000000000000e+02 2.234016812772005858e-06
1.660000000000000000e+02 2.236201981890494379e-06
1.670000000000000000e+02 2.238434444687027194e-06
1.680000000000000000e+02 2.240713606343040730e-06
1.690000000000000000e+02 2.243038896949054696e-06
1.700000000000000000e+02 2.245409770523319613e-06
1.710000000000000000e+02 2.247825704076279935e-06
1.720000000000000000e+02 2.250286196718487419e-06
1.730000000000000000e+02 2.252790768809706135e-06
1.740000000000000000e+02 2.255338961147111426e-06
1.750000000000000000e+02 2.257930334190573245e-06
1.760000000000000000e+02 2.260564467323155740e-06
1.770000000000000000e+02 2.263240958145042444e-06
1.780000000000000000e+02 2.265959421799230709e-06
1.790000000000000000e+02 2.268719490327390680e-06
1.800000000000000000e+02 2.271520812054405649e-06
1.810000000000000000e+02 2.274363051000174166e-06
1.820000000000000000e+02 2.277245886317339827e-06
1.830000000000000000e+02 2.280169011753688780e-06
1.840000000000000000e+02 2.283132135138002419e-06
1.850000000000000000e+02 2.286134977888255658e-06
1.860000000000000000e+02 2.289177274541076573e-06
1.870000000000000000e+02 2.292258772301450138e-06
1.880000000000000000e+02 2.295379230611719906e-06
1.890000000000000000e+02 2.298538420738963957e-06
1.900000000000000000e+02 2.301736125379887066e-06
1.910000000000000000e+02 2.304972138282411689e-06
1.920000000000000000e+02 2.308246263883200390e-06
1.930000000000000000e+02 2.311558316960355804e-06
1.940000000000000000e+02 2.314908122300618860e-06
1.950000000000000000e+02 2.318295514380397765e-06
1.960000000000000000e+02 2.321720337059993350e-06
1.970000000000000000e+02 2.325182443290429956e-06
1.980000000000000000e+02 2.328681694832326465e-06
1.990000000000000000e+02 2.332217961986265811e-06
2.000000000000000000e+02 2.335791123334149234e-06
2.010000000000000000e+02 2.339401065491057977e-06
2.020000000000000000e+02 2.343047682867148513e-06
2.030000000000000000e+02 2.346730877439151857e-06
2.040000000000000000e+02 2.350450558531050475e-06
2.050000000000000000e+02 2.354206642603543589e-06
2.060000000000000000e+02 2.357999053051914620e-06
2.070000000000000000e+02 2.361827720011941637e-06
2.080000000000000000e+02 2.365692580173513685e-06
2.090000000000000000e+02 2.369593576601620113e-06
2.100000000000000000e+02 2.373530658564397803e-06
2.110000000000000000e+02 2.377503781367957205e-06
2.120000000000000000e+02 2.381512906197678433e-06
2.130000000000000000e+02 2.385557999965730932e-06
2.140000000000000000e+02 2.389639035164547793e-06
2.150000000000000000e+02 2.393755989726014145e-06
2.160000000000000000e+02 2.397908846886129082e-06
2.170000000000000000e+02 2.402097595054932741e-06
2.180000000000000000e+02 2.406322227691466448e-06
2.190000000000000000e+02 2.410582743183579172e-06
2.200000000000000000e+02 2.414879144732376980e-06
2.210000000000000000e+02 2.419211440241135938e-06
2.220000000000000000e+02 2.423579642208495068e-06
2.230000000000000000e+02 2.427983767625769697e-06
2.240000000000000000e+02 2.432423837878211556e-06
2.250000000000000000e+02 2.436899878650075021e-06
2.260000000000000000e+02 2.441411919833331523e-06
2.270000000000000000e+02 2.445959995439895340e-06
2.280000000000000000e+02 2.450544143517229465e-06
2.290000000000000000e+02 2.455164406067189689e-06
2.300000000000000000e+02 2.459820828968004392e-06
2.310000000000000000e+02 2.464513461899251991e-06
2.320000000000000000e+02 2.469242358269736932e-06
2.330000000000000000e+02 2.474007575148144369e-06
2.340000000000000000e+02 2.478809173196385453e-06
2.350000000000000000e+02 2.483647216605518861e-06
2.360000000000000000e+02 2.488521773034160916e-06
2.370000000000000000e+02 2.493432913549299159e-06
2.380000000000000000e+02 2.498380712569404344e-06
2.390000000000000000e+02 2.503365247809782840e-06
2.400000000000000000e+02 2.508386600230069480e-06
2.410000000000000000e+02 2.513444853983785478e-06
2.420000000000000000e+02 2.518540096369907205e-06
2.430000000000000000e+02 2.523672417786347561e-06
2.440000000000000000e+02 2.528841911685307599e-06
2.450000000000000000e+02 2.534048674530417925e-06
2.460000000000000000e+02 2.539292805755613561e-06
2.470000000000000000e+02 2.544574407725680416e-06
2.480000000000000000e+02 2.549893585698425946e-06
2.490000000000000000e+02 2.555250447788398621e-06
2.500000000000000000e+02 2.560645104932126960e-06
2.510000000000000000e+02 2.566077670854815464e-06
2.520000000000000000e+02 2.571548262038442819e-06
2.530000000000000000e+02 2.577056997691234400e-06
2.540000000000000000e+02 2.582603999718450228e-06
2.550000000000000000e+02 2.588189392694442617e-06
2.560000000000000000e+02 2.593813303835957701e-06
2.570000000000000000e+02 2.599475862976631270e-06
2.580000000000000000e+02 2.605177202542634453e-06
2.590000000000000000e+02 2.610917457529448501e-06
2.600000000000000000e+02 2.616696765479725464e-06
2.610000000000000000e+02 2.622515266462196220e-06
2.620000000000000000e+02 2.628373103051598762e-06
2.630000000000000000e+02 2.634270420309601320e-06
2.640000000000000000e+02 2.640207365766680092e-06
2.650000000000000000e+02 2.646184089404924900e-06
2.660000000000000000e+02 2.652200743641752012e-06
2.670000000000000000e+02 2.658257483314491114e-06
2.680000000000000000e+02 2.664354465665820997e-06
2.690000000000000000e+02 2.670491850330036191e-06
2.700000000000000000e+02 2.676669799320104720e-06
2.710000000000000000e+02 2.682888477015521659e-06
2.720000000000000000e+02 2.689148050150902979e-06
2.730000000000000000e+02 2.695448687805331994e-06
2.740000000000000000e+02 2.701790561392407573e-06
2.750000000000000000e+02 2.708173844650999193e-06
2.760000000000000000e+02 2.714598713636677938e-06
2.770000000000000000e+02 2.721065346713801393e-06
2.780000000000000000e+02 2.727573924548252880e-06
2.790000000000000000e+02 2.734124630100794367e-06
2.800000000000000000e+02 2.740717648621038560e-06
2.810000000000000000e+02 2.747353167642010946e-06
2.820000000000000000e+02 2.754031376975293337e-06
2.830000000000000000e+02 2.760752468706730675e-06
2.840000000000000000e+02 2.767516637192693933e-06
2.850000000000000000e+02 2.774324079056873660e-06
2.860000000000000000e+02 2.781174993187609296e-06
2.870000000000000000e+02 2.788069580735722034e-06
2.880000000000000000e+02 2.795008045112857175e-06
2.890000000000000000e+02 2.801990591990310991e-06
2.900000000000000000e+02 2.809017429298339543e-06
2.910000000000000000e+02 2.816088767225938032e-06
2.920000000000000000e+02 2.823204818221071188e-06
2.930000000000000000e+02 2.830365796991364028e-06
2.940000000000000000e+02 2.837571920505224601e-06
2.950000000000000000e+02 2.844823407993398709e-06
2.960000000000000000e+02 2.852120480950943501e-06
2.970000000000000000e+02 2.859463363139624150e-06
2.980000000000000000e+02 2.866852280590705674e-06
2.990000000000000000e+02 2.874287461608150061e-06
3.000000000000000000e+02 2.881769136772196255e-06
3.010000000000000000e+02 2.889297538943336551e-06
3.020000000000000000e+02 2.896872903266651710e-06
3.030000000000000000e+02 2.904495467176531476e-06
3.040000000000000000e+02 2.912165470401752957e-06
3.050000000000000000e+02 2.919883154970915192e-06
3.060000000000000000e+02 2.927648765218226505e-06
3.070000000000000000e+02 2.935462547789643372e-06
3.080000000000000000e+02 2.943324751649339213e-06
3.090000000000000000e+02 2.951235628086521317e-06
3.100000000000000000e+02 2.959195430722570476e-06
3.110000000000000000e+02 2.967204415518509705e-06
3.120000000000000000e+02 2.975262840782792281e-06
3.130000000000000000e+02 2.983370967179412934e-06
3.140000000000000000e+02 2.991529057736326927e-06
3.150000000000000000e+02 2.999737377854177042e-06
3.160000000000000000e+02 3.007996195315333111e-06
3.170000000000000000e+02 3.016305780293228016e-06
3.180000000000000000e+02 3.024666405361990145e-06
3.190000000000000000e+02 3.033078345506377396e-06
3.200000000000000000e+02 3.041541878132000866e-06
3.210000000000000000e+02 3.050057283075831445e-06
3.220000000000000000e+02 3.058624842617000335e-06
3.230000000000000000e+02 3.067244841487882050e-06
3.240000000000000000e+02 3.075917566885452286e-06
3.250000000000000000e+02 3.084643308482930807e-06
3.260000000000000000e+02 3.093422358441693271e-06
3.270000000000000000e+02 3.102255011423468082e-06
3.280000000000000000e+02 3.111141564602791162e-06
3.290000000000000000e+02 3.120082317679741093e-06
3.300000000000000000e+02 3.129077572892938102e-06
3.310000000000000000e+02 3.138127635032807334e-06
3.320000000000000000e+02 3.147232811455111893e-06
3.330000000000000000e+02 3.156393412094741692e-06
3.340000000000000000e+02 3.165609749479772085e-06
3.350000000000000000e+02 3.174882138745777025e-06
3.360000000000000000e+02 3.184210897650401846e-06
3.370000000000000000e+02 3.193596346588195656e-06
3.380000000000000000e+02 3.203038808605702075e-06
3.390000000000000000e+02 3.212538609416798155e-06
3.400000000000000000e+02 3.222096077418298847e-06
3.410000000000000000e+02 3.231711543705806678e-06
3.420000000000000000e+02 3.241385342089824013e-06
3.430000000000000000e+02 3.251117809112104180e-06
3.440000000000000000e+02 3.260909284062274489e-06
3.450000000000000000e+02 3.270760108994689228e-06
3.460000000000000000e+02 3.280670628745553698e-06
3.470000000000000000e+02 3.290641190950283311e-06
3.480000000000000000e+02 3.300672146061129922e-06
3.490000000000000000e+02 3.310763847365040244e-06
3.500000000000000000e+02 3.320916651001780240e-06
3.510000000000000000e+02 3.331130915982300914e-06
3.520000000000000000e+02 3.341407004207362446e-06
3.530000000000000000e+02 3.351745280486398463e-06
3.540000000000000000e+02 3.362146112556639929e-06
3.550000000000000000e+02 3.372609871102488053e-06
3.560000000000000000e+02 3.383136929775133696e-06
3.570000000000000000e+02 3.393727665212433841e-06
3.580000000000000000e+02 3.404382457059039640e-06
3.590000000000000000e+02 3.415101687986771790e-06
3.600000000000000000e+02 3.425885743715252987e-06
3.610000000000000000e+02 3.436735013032794486e-06
3.620000000000000000e+02 3.447649887817531688e-06
3.630000000000000000e+02 3.458630763058823165e-06
3.640000000000000000e+02 3.469678036878891921e-06
3.650000000000000000e+02 3.480792110554737289e-06
3.660000000000000000e+02 3.491973388540291197e-06
3.670000000000000000e+02 3.503222278488842940e-06
3.680000000000000000e+02 3.514539191275712136e-06
3.690000000000000000e+02 3.525924541021193153e-06
3.700000000000000000e+02 3.537378745113744331e-06
3.710000000000000000e+02 3.548902224233459263e-06
3.720000000000000000e+02 3.560495402375780757e-06
3.730000000000000000e+02 3.572158706875493463e-06
3.740000000000000000e+02 3.583892568430973160e-06
3.750000000000000000e+02 3.595697421128705815e-06
3.760000000000000000e+02 3.607573702468076428e-06
3.770000000000000000e+02 3.619521853386420454e-06
3.780000000000000000e+02 3.631542318284349242e-06
3.790000000000000000e+02 3.643635545051351181e-06
3.800000000000000000e+02 3.655801985091660512e-06
3.810000000000000000e+02 3.668042093350401844e-06
3.820000000000000000e+02 3.680356328340009960e-06
3.830000000000000000e+02 3.692745152166935496e-06
3.840000000000000000e+02 3.705209030558616162e-06
3.850000000000000000e+02 3.717748432890741467e-06
3.860000000000000000e+02 3.730363832214796104e-06
3.870000000000000000e+02 3.743055705285884570e-06
3.880000000000000000e+02 3.755824532590847991e-06
3.890000000000000000e+02 3.768670798376660907e-06
3.900000000000000000e+02 3.781594990679132136e-06
3.910000000000000000e+02 3.794597601351881770e-06
3.920000000000000000e+02 3.807679126095622257e-06
3.930000000000000000e+02 3.820840064487732133e-06
3.940000000000000000e+02 3.834080920012130028e-06
3.950000000000000000e+02 3.847402200089440896e-06
3.960000000000000000e+02 3.860804416107478614e-06
3.970000000000000000e+02 3.874288083452017842e-06
3.980000000000000000e+02 3.887853721537882671e-06
3.990000000000000000e+02 3.901501853840339363e-06
4.000000000000000000e+02 3.915233007926802483e-06
4.010000000000000000e+02 3.929047715488848512e-06
4.020000000000000000e+02 3.942946512374555567e-06
4.030000000000000000e+02 3.956929938621151432e-06
4.040000000000000000e+02 3.970998538487985170e-06
4.050000000000000000e+02 3.985152860489824832e-06
4.060000000000000000e+02 3.999393457430475347e-06
4.070000000000000000e+02 4.013720886436730143e-06
4.080000000000000000e+02 4.028135708992645493e-06
4.090000000000000000e+02 4.042638490974152816e-06
4.100000000000000000e+02 4.057229802684012342e-06
4.110000000000000000e+02 4.071910218887094576e-06
4.120000000000000000e+02 4.086680318846002266e-06
4.130000000000000000e+02 4.101540686357054906e-06
4.140000000000000000e+02 4.116491909786593414e-06
4.150000000000000000e+02 4.131534582107659201e-06
4.160000000000000000e+02 4.146669300937005272e-06
4.170000000000000000e+02 4.161896668572474948e-06
4.180000000000000000e+02 4.177217292030741416e-06
4.190000000000000000e+02 4.192631783085395412e-06
4.200000000000000000e+02 4.208140758305410683e-06
4.210000000000000000e+02 4.223744839093965202e-06
4.220000000000000000e+02 4.239444651727651164e-06
4.230000000000000000e+02 4.255240827396036516e-06
4.240000000000000000e+02 4.271134002241616952e-06
4.250000000000000000e+02 4.287124817400152473e-06
4.260000000000000000e+02 4.303213919041370710e-06
4.270000000000000000e+02 4.319401958410077662e-06
4.280000000000000000e+02 4.335689591867641987e-06
4.290000000000000000e+02 4.352077480933878238e-06
4.300000000000000000e+02 4.368566292329339219e-06
4.310000000000000000e+02 4.385156698017991198e-06
4.320000000000000000e+02 4.401849375250301626e-06
4.330000000000000000e+02 4.418645006606737668e-06
4.340000000000000000e+02 4.435544280041673002e-06
4.350000000000000000e+02 4.452547888927707970e-06
4.360000000000000000e+02 4.469656532100413250e-06
4.370000000000000000e+02 4.486870913903498730e-06
4.380000000000000000e+02 4.504191744234393202e-06
4.390000000000000000e+02 4.521619738590278059e-06
4.400000000000000000e+02 4.539155618114534348e-06
4.410000000000000000e+02 4.556800109643649761e-06
4.420000000000000000e+02 4.574553945754540669e-06
4.430000000000000000e+02 4.592417864812344267e-06
4.440000000000000000e+02 4.610392611018655399e-06
4.450000000000000000e+02 4.628478934460208090e-06
4.460000000000000000e+02 4.646677591158027170e-06
4.470000000000000000e+02 4.664989343117043229e-06
4.480000000000000000e+02 4.683414958376165816e-06
4.490000000000000000e+02 4.701955211058832675e-06
4.500000000000000000e+02 4.720610881424044323e-06
4.510000000000000000e+02 4.739382755917866196e-06
4.520000000000000000e+02 4.758271627225420379e-06
4.530000000000000000e+02 4.777278294323366917e-06
4.540000000000000000e+02 4.796403562532889966e-06
4.550000000000000000e+02 4.815648243573157428e-06
4.560000000000000000e+02 4.835013155615318454e-06
4.570000000000000000e+02 4.854499123336976131e-06
4.580000000000000000e+02 4.874106977977197195e-06
4.590000000000000000e+02 4.893837557392027414e-06
4.600000000000000000e+02 4.913691706110533826e-06
4.610000000000000000e+02 4.933670275391378923e-06
4.620000000000000000e+02 4.953774123279915751e-06
4.630000000000000000e+02 4.974004114665836121e-06
4.640000000000000000e+02 4.994361121341353311e-06
4.650000000000000000e+02 5.014846022059933628e-06
4.660000000000000000e+02 5.035459702595583637e-06
4.670000000000000000e+02 5.056203055802697274e-06
4.680000000000000000e+02 5.077076981676460303e-06
4.690000000000000000e+02 5.098082387413839232e-06
4.700000000000000000e+02 5.119220187475126727e-06
4.710000000000000000e+02 5.140491303646084184e-06
4.720000000000000000e+02 5.161896665100659435e-06
4.730000000000000000e+02 5.183437208464305003e-06
4.740000000000000000e+02 5.205113877877889281e-06
4.750000000000000000e+02 5.226927625062206557e-06
4.760000000000000000e+02 5.248879409383116392e-06
4.770000000000000000e+02 5.270970197917264905e-06
4.780000000000000000e+02 5.293200965518465052e-06
4.790000000000000000e+02 5.315572694884675756e-06
4.800000000000000000e+02 5.338086376625630711e-06
4.810000000000000000e+02 5.360743009331092296e-06
4.820000000000000000e+02 5.383543599639775496e-06
4.830000000000000000e+02 5.406489162308893539e-06
4.840000000000000000e+02 5.429580720284390481e-06
4.850000000000000000e+02 5.452819304771819230e-06
4.860000000000000000e+02 5.476205955307898042e-06
4.870000000000000000e+02 5.499741719832752264e-06
4.880000000000000000e+02 5.523427654762830323e-06
4.890000000000000000e+02 5.547264825064514274e-06
4.900000000000000000e+02 5.571254304328435084e-06
4.910000000000000000e+02 5.595397174844482480e-06
4.920000000000000000e+02 5.619694527677539016e-06
4.930000000000000000e+02 5.644147462743927330e-06
4.940000000000000000e+02 5.668757088888582479e-06
4.950000000000000000e+02 5.693524523962956937e-06
4.960000000000000000e+02 5.718450894903681164e-06
4.970000000000000000e+02 5.743537337811950073e-06
4.980000000000000000e+02 5.768784998033678602e-06
4.990000000000000000e+02 5.794195030240426398e-06
