2.000000000000000000e+00 1.484100044605252350e-03
3.000000000000000000e+00 4.402794381983241609e-04
4.000000000000000000e+00 1.861885369735143461e-04
5.000000000000000000e+00 9.570339574383233223e-05
6.000000000000000000e+00 5.570685339775763078e-05
7.000000000000000000e+00 3.536413193946560116e-05
8.000000000000000000e+00 2.394363480307834283e-05
9.000000000000000000e+00 1.704386874052444647e-05
1.000000000000000000e+01 1.263198712125258830e-05
1.100000000000000000e+01 9.680493719516249305e-06
1.200000000000000000e+01 7.631834590464976872e-06
1.300000000000000000e+01 6.165585130368516029e-06
1.400000000000000000e+01 5.088654318767575085e-06
1.500000000000000000e+01 4.279951254919840606e-06
1.600000000000000000e+01 3.660911845335466180e-06
1.700000000000000000e+01 3.179045830880558501e-06
1.800000000000000000e+01 2.798374517947117471e-06
1.900000000000000000e+01 2.493675300802753582e-06
2.000000000000000000e+01 2.246909440776357763e-06
2.100000000000000000e+01 2.044943864277892009e-06
2.200000000000000000e+01 1.878062630384684071e-06
2.300000000000000000e+01 1.738973008188479779e-06
2.400000000000000000e+01 1.622128689850237369e-06
2.500000000000000000e+01 1.523260692605088168e-06
2.600000000000000000e+01 1.439046912212929505e-06
2.700000000000000000e+01 1.366875875588929342e-06
2.800000000000000000e+01 1.304675527861737049e-06
2.900000000000000000e+01 1.250787586639155204e-06
3.000000000000000000e+01 1.203874261545523461e-06
3.100000000000000000e+01 1.162848253829788338e-06
3.200000000000000000e+01 1.126819698395089880e-06
3.300000000000000000e+01 1.095055571097056199e-06
3.400000000000000000e+01 1.066948361074713063e-06
3.500000000000000000e+01 1.041991695346327615e-06
3.600000000000000000e+01 1.019761226988432307e-06
3.700000000000000000e+01 9.998995419429317704e-07
3.800000000000000000e+01 9.821041582650032919e-07
3.900000000000000000e+01 9.661179228605248627e-07
4.000000000000000000e+01 9.517212800457589823e-07
4.100000000000000000e+01 9.387260112688004246e-07
4.200000000000000000e+01 9.269701384011777458e-07
4.300000000000000000e+01 9.163137528377927003e-07
4.400000000000000000e+01 9.066355854234123379e-07
4.500000000000000000e+01 8.978301723965831307e-07
4.600000000000000000e+01 8.898055033223259912e-07
4.700000000000000000e+01 8.824810607187555566e-07
4.800000000000000000e+01 8.757861794937455557e-07
4.900000000000000000e+01 8.696586686721075201e-07
5.000000000000000000e+01 8.640436491626943315e-07
5.100000000000000000e+01 8.588925702020376756e-07
5.200000000000000000e+01 8.541623741553448921e-07
5.300000000000000000e+01 8.498147849661295389e-07
5.400000000000000000e+01 8.458157000349746309e-07
5.500000000000000000e+01 8.421346689160154461e-07
5.600000000000000000e+01 8.387444451320063617e-07
5.700000000000000000e+01 8.356205997692013826e-07
5.800000000000000000e+01 8.327411874338511181e-07
5.900000000000000000e+01 8.300864567208385895e-07
6.000000000000000000e+01 8.276385986309850854e-07
6.100000000000000000e+01 8.253815274315492876e-07
6.200000000000000000e+01 8.233006893278221637e-07
6.300000000000000000e+01 8.213828950370661420e-07
6.400000000000000000e+01 8.196161729570675701e-07
6.500000000000000000e+01 8.179896401224622754e-07
6.600000000000000000e+01 8.164933885607058297e-07
6.700000000000000000e+01 8.151183850105717394e-07
6.800000000000000000e+01 8.138563822611378370e-07
6.900000000000000000e+01 8.126998406179688943e-07
7.000000000000000000e+01 8.116418582134103718e-07
7.100000000000000000e+01 8.106761090560360711e-07
7.200000000000000000e+01 8.097967878655799547e-07
7.300000000000000000e+01 8.089985608684935549e-07
7.400000000000000000e+01 8.082765218392087070e-07
7.500000000000000000e+01 8.076261527661971030e-07
7.600000000000000000e+01 8.070432886025331498e-07
7.700000000000000000e+01 8.065240856298914391e-07
7.800000000000000000e+01 8.060649930245227285e-07
7.900000000000000000e+01 8.056627272651525154e-07
8.000000000000000000e+01 8.053142490671873521e-07
8.100000000000000000e+01 8.050167425660788736e-07
8.200000000000000000e+01 8.047675965060761270e-07
8.300000000000000000e+01 8.045643872196084106e-07
8.400000000000000000e+01 8.044048632077870700e-07
8.500000000000000000e+01 8.042869311545504739e-07
8.600000000000000000e+01 8.042086432262115574e-07
8.700000000000000000e+01 8.041681855250112048e-07
8.800000000000000000e+01 8.041638675800346835e-07
8.900000000000000000e+01 8.041941127718036008e-07
9.000000000000000000e+01 8.042574495982474997e-07
9.100000000000000000e+01 8.043525036997873337e-07
9.200000000000000000e+01 8.044779905700995245e-07
9.300000000000000000e+01 8.046327088869477360e-07
9.400000000000000000e+01 8.048155344043645579e-07
9.500000000000000000e+01 8.050254143535845767e-07
9.600000000000000000e+01 8.052613623055472996e-07
9.700000000000000000e+01 8.055224534526042009e-07
9.800000000000000000e+01 8.058078202713378665e-07
9.900000000000000000e+01 8.061166485322116969e-07
1.000000000000000000e+02 8.064481736251633224e-07
1.010000000000000000e+02 8.068016771732728648e-07
1.020000000000000000e+02 8.071764839093550965e-07
1.030000000000000000e+02 8.075719587927290628e-07
1.040000000000000000e+02 8.079875043455950766e-07
1.050000000000000000e+02 8.084225581903776928e-07
1.060000000000000000e+02 8.088765907711472581e-07
1.070000000000000000e+02 8.093491032437831296e-07
1.080000000000000000e+02 8.098396255209581055e-07
1.090000000000000000e+02 8.103477144592823003e-07
1.100000000000000000e+02 8.108729521770880887e-07
1.110000000000000000e+02 8.114149444923637075e-07
1.120000000000000000e+02 8.119733194712745272e-07
1.130000000000000000e+02 8.125477260785437404e-07
1.140000000000000000e+02 8.131378329217298293e-07
1.150000000000000000e+02 8.137433270821170695e-07
1.160000000000000000e+02 8.143639130255650965e-07
1.170000000000000000e+02 8.149993115872193228e-07
1.180000000000000000e+02 8.156492590245037500e-07
1.190000000000000000e+02 8.163135061332759702e-07
1.200000000000000000e+02 8.169918174224531683e-07
1.210000000000000000e+02 8.176839703427957180e-07
1.220000000000000000e+02 8.183897545658916666e-07
1.230000000000000000e+02 8.191089713096997633e-07
1.240000000000000000e+02 8.198414327073032368e-07
1.250000000000000000e+02 8.205869612157895366e-07
1.260000000000000000e+02 8.213453890624162518e-07
1.270000000000000000e+02 8.221165577254423835e-07
1.280000000000000000e+02 8.229003174472106076e-07
1.290000000000000000e+02 8.236965267772499741e-07
1.300000000000000000e+02 8.245050521433370464e-07
1.310000000000000000e+02 8.253257674486143146e-07
1.320000000000000000e+02 8.261585536930015141e-07
1.330000000000000000e+02 8.270032986172726989e-07
1.340000000000000000e+02 8.278598963682885981e-07
1.350000000000000000e+02 8.287282471839876036e-07
1.360000000000000000e+02 8.296082570968364649e-07
1.370000000000000000e+02 8.304998376545412917e-07
1.380000000000000000e+02 8.314029056569031108e-07
1.390000000000000000e+02 8.323173829077779253e-07
1.400000000000000000e+02 8.332431959811841310e-07
1.410000000000000000e+02 8.341802760006577388e-07
1.420000000000000000e+02 8.351285584310262658e-07
1.430000000000000000e+02 8.360879828818241404e-07
1.440000000000000000e+02 8.370584929216309155e-07
1.450000000000000000e+02 8.380400359026579449e-07
1.460000000000000000e+02 8.390325627949602128e-07
1.470000000000000000e+02 8.400360280296855810e-07
1.480000000000000000e+02 8.410503893508225299e-07
1.490000000000000000e+02 8.420756076749306553e-07
1.500000000000000000e+02 8.431116469583859357e-07
1.510000000000000000e+02 8.441584740716944898e-07
1.520000000000000000e+02 8.452160586804580831e-07
1.530000000000000000e+02 8.462843731326077851e-07
1.540000000000000000e+02 8.473633923515411275e-07
1.550000000000000000e+02 8.484530937348233169e-07
1.560000000000000000e+02 8.495534570581342277e-07
1.570000000000000000e+02 8.506644643841661970e-07
1.580000000000000000e+02 8.517860999761900299e-07
1.590000000000000000e+02 8.529183502160298111e-07
1.600000000000000000e+02 8.540612035262004602e-07
1.610000000000000000e+02 8.552146502959809193e-07
1.620000000000000000e+02 8.563786828111997804e-07
1.630000000000000000e+02 8.575532951875394878e-07
1.640000000000000000e+02 8.587384833071605916e-07
1.650000000000000000e+02 8.599342447584719876e-07
1.660000000000000000e+02 8.611405787788793257e-07
1.670000000000000000e+02 8.623574862003457782e-07
1.680000000000000000e+02 8.635849693976279507e-07
1.690000000000000000e+02 8.648230322390359515e-07
1.700000000000000000e+02 8.660716800395914102e-07
1.710000000000000000e+02 8.673309195164584046e-07
1.720000000000000000e+02 8.686007587465286028e-07
1.730000000000000000e+02 8.698812071260520970e-07
1.740000000000000000e+02 8.711722753322082597e-07
1.750000000000000000e+02 8.724739752865183671e-07
1.760000000000000000e+02 8.737863201200098872e-07
1.770000000000000000e+02 8.751093241400416929e-07
1.780000000000000000e+02 8.764430027987101568e-07
1.790000000000000000e+02 8.777873726627561882e-07
1.800000000000000000e+02 8.791424513849023789e-07
1.810000000000000000e+02 8.805082576765462499e-07
1.820000000000000000e+02 8.818848112817494572e-07
1.830000000000000000e+02 8.832721329524556195e-07
1.840000000000000000e+02 8.846702444248814987e-07
1.850000000000000000e+02 8.860791683970232983e-07
1.860000000000000000e+02 8.874989285072282123e-07
1.870000000000000000e+02 8.889295493137780729e-07
1.880000000000000000e+02 8.903710562754414731e-07
1.890000000000000000e+02 8.918234757329452397e-07
1.900000000000000000e+02 8.932868348913285124e-07
1.910000000000000000e+02 8.947611618031330585e-07
1.920000000000000000e+02 8.962464853523974198e-07
1.930000000000000000e+02 8.977428352394137080e-07
1.940000000000000000e+02 8.992502419662182481e-07
1.950000000000000000e+02 9.007687368227775295e-07
1.960000000000000000e+02 9.022983518738440548e-07
1.970000000000000000e+02 9.038391199464488397e-07
1.980000000000000000e+02 9.053910746180058936e-07
1.990000000000000000e+02 9.069542502049994597e-07
2.000000000000000000e+02 9.085286817522307199e-07
2.010000000000000000e+02 9.101144050226005657e-07
2.020000000000000000e+02 9.117114564874024946e-07
2.030000000000000000e+02 9.133198733171105977e-07
2.040000000000000000e+02 9.149396933726334150e-07
2.050000000000000000e+02 9.165709551970214826e-07
2.060000000000000000e+02 9.182136980076079263e-07
2.070000000000000000e+02 9.198679616885627239e-07
2.080000000000000000e+02 9.215337867838453909e-07
2.090000000000000000e+02 9.232112144905392555e-07
2.100000000000000000e+02 9.249002866525550383e-07
2.110000000000000000e+02 9.266010457546841523e-07
2.120000000000000000e+02 9.283135349169928268e-07
2.130000000000000000e+02 9.300377978895402215e-07
2.140000000000000000e+02 9.317738790474121669e-07
2.150000000000000000e+02 9.335218233860518948e-07
2.160000000000000000e+02 9.352816765168861722e-07
2.170000000000000000e+02 9.370534846632250263e-07
2.180000000000000000e+02 9.388372946564340028e-07
2.190000000000000000e+02 9.406331539323636043e-07
2.200000000000000000e+02 9.424411105280278624e-07
2.210000000000000000e+02 9.442612130785253730e-07
2.220000000000000000e+02 9.460935108141890303e-07
2.230000000000000000e+02 9.479380535579626598e-07
2.240000000000000000e+02 9.497948917229924805e-07
2.250000000000000000e+02 9.516640763104260892e-07
2.260000000000000000e+02 9.535456589074151576e-07
2.270000000000000000e+02 9.554396916853100867e-07
2.280000000000000000e+02 9.573462273980453505e-07
2.290000000000000000e+02 9.592653193807063165e-07
2.300000000000000000e+02 9.611970215482705543e-07
2.310000000000000000e+02 9.631413883945220458e-07
2.320000000000000000e+02 9.650984749911289775e-07
2.330000000000000000e+02 9.670683369868826816e-07
2.340000000000000000e+02 9.690510306070901020e-07
2.350000000000000000e+02 9.710466126531185135e-07
2.360000000000000000e+02 9.730551405020850846e-07
2.370000000000000000e+02 9.750766721066881059e-07
2.380000000000000000e+02 9.771112659951760737e-07
2.390000000000000000e+02 9.791589812714508163e-07
2.400000000000000000e+02 9.812198776153000041e-07
2.410000000000000000e+02 9.832940152827554450e-07
2.420000000000000000e+02 9.853814551065752575e-07
2.430000000000000000e+02 9.874822584968467469e-07
2.440000000000000000e+02 9.895964874417027829e-07
2.450000000000000000e+02 9.917242045081535864e-07
2.460000000000000000e+02 9.938654728430307473e-07
2.470000000000000000e+02 9.960203561740362752e-07
2.480000000000000000e+02 9.981889188108987989e-07
2.490000000000000000e+02 1.000371225646632893e-06
2.500000000000000000e+02 1.002567342158897296e-06
2.510000000000000000e+02 1.004777334411454558e-06
2.520000000000000000e+02 1.007001269055721958e-06
2.530000000000000000e+02 1.009239213332422587e-06
2.540000000000000000e+02 1.011491235073322606e-06
2.550000000000000000e+02 1.013757402703063597e-06
2.560000000000000000e+02 1.016037785241078967e-06
2.570000000000000000e+02 1.018332452303601213e-06
2.580000000000000000e+02 1.020641474105750911e-06
2.590000000000000000e+02 1.022964921463711899e-06
2.600000000000000000e+02 1.025302865796984807e-06
2.610000000000000000e+02 1.027655379130726563e-06
2.620000000000000000e+02 1.030022534098164013e-06
2.630000000000000000e+02 1.032404403943087162e-06
2.640000000000000000e+02 1.034801062522422039e-06
2.650000000000000000e+02 1.037212584308874069e-06
2.660000000000000000e+02 1.039639044393650023e-06
2.670000000000000000e+02 1.042080518489251310e-06
2.680000000000000000e+02 1.044537082932339923e-06
2.690000000000000000e+02 1.047008814686677423e-06
2.700000000000000000e+02 1.049495791346130855e-06
2.710000000000000000e+02 1.051998091137753187e-06
2.720000000000000000e+02 1.054515792924928351e-06
2.730000000000000000e+02 1.057048976210587422e-06
2.740000000000000000e+02 1.059597721140490026e-06
2.750000000000000000e+02 1.062162108506574142e-06
2.760000000000000000e+02 1.064742219750370705e-06
2.770000000000000000e+02 1.067338136966485334e-06
2.780000000000000000e+02 1.069949942906141047e-06
2.790000000000000000e+02 1.072577720980793188e-06
2.800000000000000000e+02 1.075221555265797713e-06
2.810000000000000000e+02 1.077881530504152110e-06
2.820000000000000000e+02 1.080557732110294345e-06
2.830000000000000000e+02 1.083250246173964905e-06
2.840000000000000000e+02 1.085959159464133012e-06
2.850000000000000000e+02 1.088684559432982119e-06
2.860000000000000000e+02 1.091426534219960004e-06
2.870000000000000000e+02 1.094185172655884546e-06
2.880000000000000000e+02 1.096960564267119600e-06
2.890000000000000000e+02 1.099752799279800632e-06
2.900000000000000000e+02 1.102561968624129596e-06
2.910000000000000000e+02 1.105388163938727209e-06
2.920000000000000000e+02 1.108231477575041962e-06
2.930000000000000000e+02 1.111092002601824574e-06
2.940000000000000000e+02 1.113969832809660889e-06
2.950000000000000000e+02 1.116865062715559619e-06
2.960000000000000000e+02 1.119777787567607212e-06
2.970000000000000000e+02 1.122708103349677568e-06
2.980000000000000000e+02 1.125656106786201045e-06
2.990000000000000000e+02 1.128621895346996148e-06
3.000000000000000000e+02 1.131605567252158816e-06
3.010000000000000000e+02 1.134607221477009937e-06
3.020000000000000000e+02 1.137626957757105553e-06
3.030000000000000000e+02 1.140664876593301691e-06
3.040000000000000000e+02 1.143721079256886746e-06
3.050000000000000000e+02 1.146795667794764057e-06
3.060000000000000000e+02 1.149888745034701599e-06
3.070000000000000000e+02 1.153000414590638226e-06
3.080000000000000000e+02 1.156130780868050257e-06
3.090000000000000000e+02 1.159279949069378843e-06
3.100000000000000000e+02 1.162448025199517677e-06
3.110000000000000000e+02 1.165635116071359368e-06
3.120000000000000000e+02 1.168841329311404708e-06
3.130000000000000000e+02 1.172066773365432281e-06
3.140000000000000000e+02 1.175311557504227587e-06
3.150000000000000000e+02 1.178575791829374204e-06
3.160000000000000000e+02 1.181859587279107422e-06
3.170000000000000000e+02 1.185163055634228437e-06
3.180000000000000000e+02 1.188486309524079747e-06
3.190000000000000000e+02 1.191829462432584285e-06
3.200000000000000000e+02 1.195192628704347443e-06
3.210000000000000000e+02 1.198575923550817542e-06
3.220000000000000000e+02 1.201979463056515340e-06
3.230000000000000000e+02 1.205403364185323881e-06
3.240000000000000000e+02 1.208847744786840189e-06
3.250000000000000000e+02 1.212312723602794503e-06
3.260000000000000000e+02 1.215798420273530927e-06
3.270000000000000000e+02 1.219304955344555633e-06
3.280000000000000000e+02 1.222832450273147312e-06
3.290000000000000000e+02 1.226381027435033919e-06
3.300000000000000000e+02 1.229950810131135681e-06
3.310000000000000000e+02 1.233541922594374617e-06
3.320000000000000000e+02 1.237154489996549471e-06
3.330000000000000000e+02 1.240788638455277580e-06
3.340000000000000000e+02 1.244444495041005333e-06
3.350000000000000000e+02 1.248122187784085986e-06
3.360000000000000000e+02 1.251821845681924803e-06
3.370000000000000000e+02 1.255543598706193875e-06
3.380000000000000000e+02 1.259287577810117022e-06
3.390000000000000000e+02 1.263053914935820563e-06
3.400000000000000000e+02 1.266842743021759672e-06
3.410000000000000000e+02 1.270654196010210599e-06
3.420000000000000000e+02 1.274488408854835518e-06
3.430000000000000000e+02 1.278345517528321077e-06
3.440000000000000000e+02 1.282225659030085965e-06
3.450000000000000000e+02 1.286128971394061554e-06
3.460000000000000000e+02 1.290055593696548968e-06
3.470000000000000000e+02 1.294005666064144355e-06
3.480000000000000000e+02 1.297979329681744613e-06
3.490000000000000000e+02 1.301976726800621522e-06
3.500000000000000000e+02 1.305998000746576341e-06
3.510000000000000000e+02 1.310043295928168312e-06
3.520000000000000000e+02 1.314112757845020240e-06
3.530000000000000000e+02 1.318206533096198610e-06
3.540000000000000000e+02 1.322324769388676301e-06
3.550000000000000000e+02 1.326467615545869400e-06
3.560000000000000000e+02 1.330635221516255131e-06
3.570000000000000000e+02 1.334827738382067706e-06
3.580000000000000000e+02 1.339045318368077399e-06
3.590000000000000000e+02 1.343288114850446696e-06
3.600000000000000000e+02 1.347556282365670520e-06
3.610000000000000000e+02 1.351849976619598398e-06
3.620000000000000000e+02 1.356169354496537741e-06
3.630000000000000000e+02 1.360514574068444147e-06
3.640000000000000000e+02 1.364885794604191967e-06
3.650000000000000000e+02 1.369283176578931690e-06
3.660000000000000000e+02 1.373706881683534358e-06
3.670000000000000000e+02 1.378157072834119209e-06
3.680000000000000000e+02 1.382633914181671306e-06
3.690000000000000000e+02 1.387137571121746212e-06
3.700000000000000000e+02 1.391668210304260626e-06
3.710000000000000000e+02 1.396225999643378110e-06
3.720000000000000000e+02 1.400811108327478876e-06
3.730000000000000000e+02 1.405423706829222959e-06
3.740000000000000000e+02 1.410063966915707839e-06
3.750000000000000000e+02 1.414732061658711823e-06
3.760000000000000000e+02 1.419428165445039064e-06
3.770000000000000000e+02 1.424152453986951628e-06
3.780000000000000000e+02 1.428905104332697895e-06
3.790000000000000000e+02 1.433686294877142611e-06
3.800000000000000000e+02 1.438496205372484613e-06
3.810000000000000000e+02 1.443335016939078514e-06
3.820000000000000000e+02 1.448202912076350848e-06
3.830000000000000000e+02 1.453100074673818269e-06
3.840000000000000000e+02 1.458026690022204860e-06
3.850000000000000000e+02 1.462982944824658334e-06
3.860000000000000000e+02 1.467969027208071473e-06
3.870000000000000000e+02 1.472985126734503520e-06
3.880000000000000000e+02 1.478031434412707031e-06
3.890000000000000000e+02 1.483108142709758269e-06
3.900000000000000000e+02 1.488215445562793904e-06
3.910000000000000000e+02 1.493353538390854656e-06
3.920000000000000000e+02 1.498522618106833323e-06
3.930000000000000000e+02 1.503722883129536110e-06
3.940000000000000000e+02 1.508954533395850050e-06
3.950000000000000000e+02 1.514217770373020101e-06
3.960000000000000000e+02 1.519512797071042943e-06
3.970000000000000000e+02 1.524839818055165154e-06
3.980000000000000000e+02 1.530199039458503579e-06
3.990000000000000000e+02 1.535590668994772847e-06
4.000000000000000000e+02 1.541014915971132321e-06
4.010000000000000000e+02 1.546471991301150785e-06
4.020000000000000000e+02 1.551962107517884204e-06
4.030000000000000000e+02 1.557485478787077374e-06
4.040000000000000000e+02 1.563042320920482665e-06
4.050000000000000000e+02 1.568632851389299893e-06
4.060000000000000000e+02 1.574257289337738376e-06
4.070000000000000000e+02 1.579915855596706045e-06
4.080000000000000000e+02 1.585608772697614814e-06
4.090000000000000000e+02 1.591336264886319349e-06
4.100000000000000000e+02 1.597098558137179300e-06
4.110000000000000000e+02 1.602895880167251126e-06
4.120000000000000000e+02 1.608728460450603798e-06
4.130000000000000000e+02 1.614596530232773632e-06
4.140000000000000000e+02 1.620500322545341717e-06
4.150000000000000000e+02 1.626440072220651971e-06
4.160000000000000000e+02 1.632416015906657501e-06
4.170000000000000000e+02 1.638428392081904411e-06
4.180000000000000000e+02 1.644477441070653454e-06
4.190000000000000000e+02 1.650563405058137213e-06
4.200000000000000000e+02 1.656686528105957891e-06
4.210000000000000000e+02 1.662847056167625920e-06
4.220000000000000000e+02 1.669045237104238959e-06
4.230000000000000000e+02 1.675281320700305745e-06
4.240000000000000000e+02 1.681555558679712029e-06
4.250000000000000000e+02 1.687868204721837278e-06
4.260000000000000000e+02 1.694219514477812209e-06
4.270000000000000000e+02 1.700609745586928565e-06
4.280000000000000000e+02 1.707039157693200730e-06
4.290000000000000000e+02 1.713508012462075991e-06
4.300000000000000000e+02 1.720016573597297275e-06
4.310000000000000000e+02 1.726565106857924272e-06
4.320000000000000000e+02 1.733153880075504912e-06
4.330000000000000000e+02 1.739783163171410740e-06
4.340000000000000000e+02 1.746453228174324339e-06
4.350000000000000000e+02 1.753164349237893395e-06
4.360000000000000000e+02 1.759916802658542539e-06
4.370000000000000000e+02 1.766710866893451187e-06
4.380000000000000000e+02 1.773546822578693818e-06
4.390000000000000000e+02 1.780424952547550705e-06
4.400000000000000000e+02 1.787345541848983398e-06
4.410000000000000000e+02 1.794308877766284483e-06
4.420000000000000000e+02 1.801315249835891456e-06
4.430000000000000000e+02 1.808364949866382496e-06
4.440000000000000000e+02 1.815458271957641216e-06
4.450000000000000000e+02 1.822595512520201209e-06
4.460000000000000000e+02 1.829776970294766126e-06
4.470000000000000000e+02 1.837002946371912518e-06
4.480000000000000000e+02 1.844273744211973290e-06
4.490000000000000000e+02 1.851589669665104553e-06
4.500000000000000000e+02 1.858951030991535429e-06
4.510000000000000000e+02 1.866358138882013304e-06
4.520000000000000000e+02 1.873811306478425908e-06
4.530000000000000000e+02 1.881310849394624351e-06
4.540000000000000000e+02 1.888857085737433344e-06
4.550000000000000000e+02 1.896450336127856890e-06
4.560000000000000000e+02 1.904090923722485129e-06
4.570000000000000000e+02 1.911779174235088600e-06
4.580000000000000000e+02 1.919515415958426372e-06
4.590000000000000000e+02 1.927299979786244976e-06
4.600000000000000000e+02 1.935133199235487178e-06
4.610000000000000000e+02 1.943015410468709563e-06
4.620000000000000000e+02 1.950946952316697457e-06
4.630000000000000000e+02 1.958928166301303910e-06
4.640000000000000000e+02 1.966959396658493642e-06
4.650000000000000000e+02 1.975040990361597492e-06
4.660000000000000000e+02 1.983173297144793438e-06
4.670000000000000000e+02 1.991356669526798959e-06
4.680000000000000000e+02 1.999591462834785311e-06
4.690000000000000000e+02 2.007878035228517548e-06
4.700000000000000000e+02 2.016216747724714762e-06
4.710000000000000000e+02 2.024607964221645383e-06
4.720000000000000000e+02 2.033052051523941850e-06
4.730000000000000000e+02 2.041549379367657123e-06
4.740000000000000000e+02 2.050100320445549882e-06
4.750000000000000000e+02 2.058705250432606055e-06
4.760000000000000000e+02 2.067364548011802172e-06
4.770000000000000000e+02 2.076078594900105042e-06
4.780000000000000000e+02 2.084847775874723844e-06
4.790000000000000000e+02 2.093672478799597271e-06
4.800000000000000000e+02 2.102553094652136480e-06
4.810000000000000000e+02 2.111490017550215793e-06
4.820000000000000000e+02 2.120483644779420478e-06
4.830000000000000000e+02 2.129534376820543557e-06
4.840000000000000000e+02 2.138642617377349851e-06
4.850000000000000000e+02 2.147808773404591173e-06
4.860000000000000000e+02 2.157033255136295954e-06
4.870000000000000000e+02 2.166316476114315527e-06
4.880000000000000000e+02 2.175658853217144000e-06
4.890000000000000000e+02 2.185060806689011717e-06
4.900000000000000000e+02 2.194522760169246387e-06
4.910000000000000000e+02 2.204045140721915850e-06
4.920000000000000000e+02 2.213628378865752901e-06
4.930000000000000000e+02 2.223272908604357097e-06
4.940000000000000000e+02 2.232979167456684984e-06
4.950000000000000000e+02 2.242747596487826183e-06
4.960000000000000000e+02 2.252578640340078495e-06
4.970000000000000000e+02 2.262472747264302518e-06
4.980000000000000000e+02 2.272430369151588817e-06
4.990000000000000000e+02 2.282451961565215636e-06
